14.134725141734693790457
25.010857580145688763214
32.935061587739189690662
43.327073280914999519496
52.970321477714460644147
60.83177852460980984426
69.546401711173979252927
79.337375020249367922764
88.809111207634465423682
98.831194218193692233324
107.16861118427640751512
116.22668032085755438216
127.51668387959649512428
138.11604205453344320019
147.42276534255960204952
157.59759181759405988753
167.18443997817451344096
176.44143429771041888889
185.59878367770747146653
195.26539667952923532146
205.39469720216328602521
214.54704478349142322294
224.98332466958228750378
233.6934041789083006407
244.07089849707815823682
253.0699867479994771946
263.57389390487013223308
273.45960918840328704571
283.21118573323386742049
293.55843413935628535678
302.69674958960691705175
312.42780118060089198049
322.14455867248293229884
331.47446758266342437566
341.0422611110465604826
350.40841934919209918767
359.74375495311444879929
370.05091921210600033965
379.87297534653234665102
388.84612835423225460081
397.91873620961424338698
407.58146038689618207631
418.38770578953477922605
428.12791407661668211031
438.62173865627219629092
449.14854568502330475302
459.51341528110601175401
469.53600455911203219182
478.94218153463482653832
488.38056709001744852711
498.58078242968654201668
508.80070033646782080947
518.23422314755014357386
528.40621385229265894161
538.4285261762479628435
547.93161336448933831045
557.56465917205852840852
567.73175790117693745033
577.03900347209821121664
586.74277189125015564477
596.36276832839368408958
606.38346042210904108867
615.53856336940702785347
626.01928342765438219834
635.52380031060545381053
644.99057822974800251244
654.30192058631934227547
664.24460465227301344989
674.35589781012316789616
684.01354981386950523619
694.53390869987314001563
704.03383929552530932265
714.08277182066939307692
723.84582104512841551167
734.78964325237799425231
745.34498955061187432564
755.83930897603782987279
766.08754009983620539442
775.99971196317144247773
785.73908970071505184065
795.60659615616241262791
805.8616356670948028368
814.87053962587256778402
824.52629387162974816377
834.65191514782557580735
844.80599397576372688128
855.28671024440493634823
865.59466432651596539511
875.98528510878032237439
885.2723044796171270512
895.3979196747829650554
905.82994075822220940484
916.35500080864276589142
926.55155278460302894159
936.22864937928292721372
946.76584220472785115673
956.67547934328979602314
966.11075481841020401872
976.17850242058960934419
986.13051511018452664937
